   -0.11165263
    0.03990321
   -0.19508479
    0.14412561
   -0.33257929
    0.02263338
   -0.06520785
    0.05841420
   -0.00045518
   -0.25622752
   -0.00072721
    0.02978880
   -0.34980160
   -0.21726453
    0.17311551
   -0.11699258
   -0.40257545
    0.04661206
    0.04637071
    0.03870746
    0.04509754
    0.18037754
    0.03449559
    0.02917407
    0.03736905
    0.02449335
    0.04938460
    0.04239213
    0.14263161
    0.04752823
    0.04407092
    0.03725967
    0.14369346
    0.14175680
    0.16342053
    0.04261322
    0.06129252
    0.06869239
    0.11315449
