 -1.0
  0.75446186413278D+01  0.26780180470617D+01  0.70982034532180D+01  0.30291200360845D-04 -0.26225006196253D-04  0.55483534604560D-04
  0.71530717974443D+01  0.36971211133345D+01  0.44121781484218D+01 -0.29629148400017D-04  0.18463899421986D-04  0.80981607533009D-04
  0.91359967742175D+01  0.32504511932681D+01  0.25672614710109D+01 -0.17796188698997D-03 -0.66244244447053D-04 -0.60138756774771D-04
  0.89956818874509D+01  0.25777189786781D+01  0.70492800993827D-01  0.92296045394851D-04  0.20303970433663D-03 -0.15298870898433D-03
  0.11100669376378D+02  0.18329354710255D+01 -0.95436775938859D+00  0.17821639132290D-03  0.15046699219035D-03  0.57304356281243D-04
  0.10577006137743D+02  0.10882540065276D+01 -0.35624053983286D+01 -0.10102064122964D-03 -0.16826902600544D-04  0.15746251276856D-03
  0.77380804266776D+01  0.76745766060545D+00 -0.38960994562025D+01 -0.84527951826929D-04 -0.31490927143392D-04  0.26902654206743D-04
  0.66563991477580D+01  0.21780761049053D+01 -0.16174694783602D+01 -0.41995851144928D-04 -0.11537709114391D-03  0.99536316700134D-04
  0.56407098678619D+01  0.48893831315125D+01 -0.21387720544577D+01 -0.54090528282358D-05 -0.11334228215099D-03  0.38021381070532D-04
  0.44435936278023D+01  0.62374519300571D+01 -0.69942119370972D-02  0.78760459483837D-04  0.55525517764066D-05  0.10953598149105D-04
  0.59118708399370D+01  0.76981755344680D+01  0.18127176868828D+01  0.11684660710498D-03  0.16334326971797D-03 -0.14414895384468D-03
  0.65700336770463D+01  0.65793973138484D+01  0.44496608602031D+01  0.17746268809582D-04  0.33291313908240D-04 -0.17372574012029D-03
  0.86910052553325D+01  0.81801184756814D+01  0.53377342821104D+01  0.19591858504076D-04 -0.43608347484731D-04 -0.37239301089767D-04
  0.48652415403182D+01  0.59157991182215D+00 -0.20938527082634D+00 -0.18888728332950D-03  0.14901188002935D-03  0.21674961622390D-03
  0.24686433704627D+01 -0.15253465187051D+00 -0.83687576689366D+00  0.97313082553081D-05 -0.11502660106219D-03 -0.27497483254645D-03
  0.13300552259555D+01  0.10111591743821D+01 -0.31764741399551D+01 -0.29833995894064D-03  0.10983158375370D-03 -0.20633817412688D-04
  0.10754662674945D+01 -0.15468973260012D+01  0.60079820172474D+00  0.21349844503975D-03 -0.14364372019574D-03 -0.10109551889322D-03
  0.58967103725010D+01  0.33848933549490D+01  0.81243600678180D+01  0.27384860556431D-03  0.13913384573905D-03  0.34651200553975D-03
  0.93039920270106D+01  0.31904983765476D+01  0.80548529161584D+01  0.10204889104545D-03 -0.56401851180290D-03  0.23999663654011D-03
  0.77195597667136D+01  0.62077865569590D+00  0.69771809795973D+01 -0.48416611491162D-03 -0.76006369398752D-04 -0.29388187240076D-04
  0.55096314920314D+01  0.27854311666366D+01  0.35568701552441D+01 -0.39969951863736D-04  0.50736129593216D-03 -0.47306571205445D-03
  0.10909963457084D+02  0.32916576468673D+01  0.33119098346930D+01 -0.32783442490945D-03 -0.99873456121846D-04  0.31719037282337D-03
  0.11669769797644D+02 -0.57683912290366D+00 -0.41356996956489D+01  0.10394945016376D-02  0.67618211237123D-03  0.60389935358431D-04
  0.11368674778002D+02  0.24671796077895D+01 -0.48785533816156D+01 -0.23536084660406D-03 -0.11542055873062D-03 -0.30606522814586D-04
  0.72143075716529D+01 -0.12373016245400D+01 -0.39279010948401D+01 -0.14443761129964D-03 -0.43255854138741D-04  0.67006987477547D-03
  0.71126043372300D+01  0.16389229562319D+01 -0.56710492543552D+01 -0.35769402464938D-03 -0.65227350139884D-03 -0.20557350965329D-03
  0.41346580372827D+01  0.48562072465358D+01 -0.35596525191388D+01  0.21250757381956D-03  0.38701297778781D-03 -0.22602956957403D-03
  0.70797983031749D+01  0.63008596708073D+01 -0.26259511125011D+01  0.15968616750708D-03 -0.17962173250860D-03  0.31525599805533D-03
  0.32127502471217D+01  0.50836481889755D+01  0.92000453572739D+00  0.15713244216565D-03 -0.14961784399866D-04  0.90631927669434D-04
  0.47801296170974D+01  0.93749894043353D+01  0.22779922470663D+01  0.21459880760350D-03  0.12462918707247D-03  0.26483714599677D-03
  0.74590734681329D+01  0.83391616139276D+01  0.58942835178842D+00 -0.10261513296348D-03  0.40041365445340D-03 -0.30633222259531D-03
  0.49931234009242D+01  0.65652996646065D+01  0.57996616833119D+01 -0.80695142536050D-04 -0.30925853311415D-03 -0.28376854637496D-03
  0.10181680436584D+02  0.74661677381331D+01  0.43353153900514D+01  0.40887519028333D-04 -0.25702603470845D-04 -0.18417037690743D-04
  0.89862298798106D+01  0.75545461362532D+01  0.71328666159031D+01  0.43492429923805D-03 -0.35142191879217D-03 -0.19929290958835D-03
  0.56322041191206D+01 -0.53681611380706D+00  0.11388515683085D+01  0.17173702965048D-03 -0.30389086032828D-04 -0.12157554147342D-03
  0.25850449775785D+01  0.80203303137642D+00 -0.47886971635388D+01 -0.52760495884691D-03  0.44154983644933D-03 -0.25324058968627D-03
  0.74802269372452D+00  0.29698738368881D+01 -0.28642266534318D+01 -0.28120028533196D-03  0.34393142681344D-04  0.58242281373625D-03
 -0.26763413325775D+00 -0.24106095583778D+00 -0.35751306458619D+01  0.37492807446699D-03 -0.74929604482158D-03 -0.28148411552379D-03
  0.20556839011615D+01 -0.19459565476379D+01  0.22146860322475D+01 -0.14886220894885D-03 -0.89726154450152D-05  0.16353278920543D-03
