           1           2   1.0034767654805730     
           2           3  0.98734627467676284     
           3           4   1.2025095862616035     
           3           5  0.14933294977335060     
           4           5   1.6950311556712117     
           5           6   1.0179578666734950     
           6           7  0.99208785281457668     
           4           8  0.94742308899281580     
           7           8  0.97581085404507839     
           8           9  0.94769234120255785     
           9          10   1.0206953129785976     
          10          11   1.0196256831550481     
           2          12  0.95486371279234994     
          11          12  0.97566701872424222     
          12          13   1.0178438736134878     
           8          14  0.96877663146899162     
          14          15   1.1811757576156914     
          15          16   1.0115328234188965     
          14          17  0.18035270449886356     
          15          17   1.7337880843528579     
           1          18  0.98510559024773980     
           1          19  0.98451151810965309     
           1          20  0.98116708374137818     
           2          21  0.95290721257607380     
           3          22  0.92867472815922258     
           6          23  0.97040442587897935     
           6          24  0.96676190989262478     
           7          25  0.97737776820068101     
           7          26  0.97442626147146338     
           9          27  0.96385079764838721     
           9          28  0.97034508892115134     
          10          29  0.94882578352819791     
          11          30  0.96900382315056965     
          11          31  0.96905560899682908     
          12          32  0.96553008558090503     
          13          33  0.96088565843848261     
          13          34  0.96033327003075986     
          14          35  0.93380679731246297     
          16          36  0.97785110522031904     
          16          37  0.96678494857510666     
          16          38  0.97328490166931847     
          17          39  0.95451055916244720     
